[0m[38;2;0;0;0m                                                  [0m
[0m[38;2;0;0;0m                                                  [0m
[0m[38;2;0;0;0m   [38;2;5;5;5m [38;2;31;31;31m.[38;2;56;56;56m.[38;2;15;15;15m [38;2;0;0;0m                [38;2;8;8;8m [38;2;12;12;12m [38;2;21;21;21m [38;2;0;0;0m                        [0m
[0m[38;2;0;0;0m    [38;2;33;33;33m [38;2;68;68;68m [38;2;0;2;10m [38;2;50;78;157m,[38;2;44;79;165m,[38;2;29;66;146m'[38;2;18;51;129m.[38;2;5;29;85m [38;2;0;3;9m [38;2;0;2;6m [38;2;0;1;4m [38;2;0;0;2m [38;2;0;0;1m [38;2;5;5;5m [38;2;4;4;4m [38;2;2;2;2m [38;2;0;0;0m [38;2;0;0;0m   [38;2;8;8;8m [38;2;0;0;0m  [38;2;0;0;0m [38;2;3;3;3m [38;2;0;0;1m [38;2;0;1;4m [38;2;0;2;7m [38;2;0;5;19m [38;2;0;2;9m [38;2;0;2;7m [38;2;0;1;4m [38;2;0;0;2m [38;2;4;4;4m [38;2;0;0;0m [38;2;0;0;0m [38;2;0;0;0m [38;2;0;0;0m [38;2;0;0;0m [38;2;7;7;7m [38;2;26;26;26m [38;2;24;24;24m [38;2;0;0;0m    [0m
[0m[38;2;0;0;0m     [38;2;16;16;16m [38;2;8;26;48m [38;2;162;198;233m0[38;2;222;234;247mN[38;2;228;238;249mN[38;2;222;235;247mN[38;2;216;231;246mN[38;2;201;220;240mX[38;2;184;209;234mK[38;2;166;196;227mO[38;2;148;185;221mk[38;2;131;171;215mx[38;2;114;158;208md[38;2;96;141;202mo[38;2;79;123;196mc[38;2;63;106;194m:[38;2;52;93;178m;[38;2;40;78;161m,[38;2;14;45;116m.[38;2;0;2;8m [38;2;0;0;3m [38;2;2;10;40m [38;2;49;85;174m,[38;2;90;134;203ml[38;2;120;166;215mx[38;2;153;190;227mO[38;2;179;207;236m0[38;2;191;216;240mK[38;2;190;214;239mK[38;2;176;205;234m0[38;2;147;185;223mk[38;2;106;156;208md[38;2;66;118;191mc[38;2;42;87;178m,[38;2;67;102;183m:[38;2;83;119;200mc[38;2;58;101;190m;[38;2;2;16;49m [38;2;0;0;3m [38;2;35;35;35m [38;2;0;0;0m [38;2;0;0;0m    [0m
[0m[38;2;0;0;0m     [38;2;0;0;1m [38;2;16;42;67m.[38;2;155;192;229mO[38;2;246;249;251mW[38;2;252;253;253mM[38;2;253;253;254mM[38;2;253;253;254mM[38;2;252;253;254mM[38;2;251;252;254mM[38;2;251;252;253mM[38;2;251;252;253mM[38;2;250;251;253mM[38;2;250;251;253mM[38;2;250;251;252mM[38;2;250;251;252mM[38;2;245;248;251mW[38;2;239;244;250mW[38;2;234;241;249mW[38;2;226;236;247mN[38;2;148;182;219mk[38;2;80;133;196ml[38;2;143;183;224mk[38;2;181;209;236mK[38;2;218;231;245mN[38;2;243;247;251mW[38;2;252;253;254mM[38;2;252;253;253mM[38;2;252;253;254mM[38;2;219;220;220mX[38;2;186;187;188mO[38;2;184;184;186mO[38;2;153;155;157md[38;2;223;232;241mN[38;2;239;244;250mW[38;2;250;252;253mM[38;2;249;251;253mM[38;2;199;220;241mX[38;2;51;75;108m'[38;2;0;8;17m [38;2;18;18;18m [38;2;0;0;0m     [0m
[0m[38;2;0;0;0m     [38;2;0;0;2m [38;2;26;55;85m.[38;2;152;189;226mO[38;2;246;248;251mW[38;2;246;249;252mW[38;2;247;249;252mW[38;2;248;250;252mM[38;2;249;251;253mM[38;2;164;170;177mx[38;2;167;175;183mk[38;2;228;237;246mN[38;2;232;240;247mW[38;2;236;242;248mW[38;2;240;244;250mW[38;2;244;247;251mW[38;2;246;248;251mW[38;2;245;248;251mW[38;2;244;247;250mW[38;2;235;241;247mW[38;2;171;201;230m0[38;2;152;189;226mO[38;2;212;227;243mX[38;2;248;250;252mM[38;2;249;251;253mM[38;2;250;251;253mM[38;2;161;164;169mx[38;2;36;43;53m.[38;2;15;19;26m [38;2;13;16;20m [38;2;12;15;19m [38;2;7;10;13m [38;2;2;4;7m [38;2;2;3;6m [38;2;10;13;17m [38;2;35;38;42m.[38;2;48;52;57m.[38;2;24;31;40m.[38;2;3;8;15m [38;2;0;1;3m [38;2;13;13;13m [38;2;0;0;0m     [0m
[0m[38;2;0;0;0m     [38;2;0;1;3m [38;2;37;69;104m'[38;2;153;189;224mO[38;2;243;246;250mW[38;2;243;246;250mW[38;2;244;247;250mW[38;2;245;248;251mW[38;2;247;249;251mW[38;2;46;64;89m.[38;2;3;8;16m [38;2;1;2;4m [38;2;1;2;4m [38;2;1;3;5m [38;2;2;4;7m [38;2;3;6;9m [38;2;4;8;12m [38;2;6;10;15m [38;2;10;16;23m [38;2;101;134;172ml[38;2;141;181;221mk[38;2;207;223;240mX[38;2;244;247;250mW[38;2;245;248;251mW[38;2;247;249;251mW[38;2;130;138;150mo[38;2;9;17;31m [38;2;10;46;89m.[38;2;25;95;172m,[38;2;32;94;176m,[38;2;34;108;177m;[38;2;37;99;177m;[38;2;37;100;177m;[38;2;37;92;176m,[38;2;33;102;176m;[38;2;30;97;172m,[38;2;18;76;146m'[38;2;0;6;13m [38;2;0;1;4m [38;2;11;11;11m [38;2;0;0;0m [38;2;0;0;0m     [0m
[0m[38;2;0;0;0m    [38;2;0;0;0m [38;2;0;1;5m [38;2;47;84;121m,[38;2;156;189;222mO[38;2;238;243;248mW[38;2;239;243;248mW[38;2;240;243;248mW[38;2;240;244;249mW[38;2;241;245;249mW[38;2;89;131;189ml[38;2;43;106;176m;[38;2;30;82;176m,[38;2;23;66;164m'[38;2;16;59;156m.[38;2;9;53;149m.[38;2;0;9;31m [38;2;0;2;9m [38;2;0;0;3m [38;2;0;6;13m [38;2;126;169;213mx[38;2;151;186;221mk[38;2;240;244;249mW[38;2;241;244;249mW[38;2;241;245;249mW[38;2;242;246;250mW[38;2;38;55;81m.[38;2;54;88;135m,[38;2;137;177;217mk[38;2;188;210;233mK[38;2;203;220;237mX[38;2;205;221;238mX[38;2;206;222;238mX[38;2;206;222;239mX[38;2;205;221;238mX[38;2;202;219;237mX[38;2;195;215;235mK[38;2;177;203;229m0[38;2;112;158;206md[38;2;18;55;101m.[38;2;0;3;11m [38;2;5;5;5m [38;2;0;0;0m     [0m
[0m[38;2;0;0;0m    [38;2;3;3;3m [38;2;0;2;6m [38;2;60;99;140m;[38;2;158;190;222mO[38;2;234;239;246mW[38;2;234;240;246mW[38;2;235;240;246mW[38;2;235;240;246mW[38;2;235;240;246mW[38;2;223;233;243mN[38;2;218;229;241mN[38;2;212;225;239mX[38;2;206;221;237mX[38;2;200;218;235mK[38;2;194;213;233mK[38;2;175;200;227m0[38;2;103;150;200mo[38;2;9;37;81m.[38;2;1;9;19m [38;2;119;160;200md[38;2;156;188;221mO[38;2;236;241;247mW[38;2;236;241;247mW[38;2;237;241;247mW[38;2;237;242;247mW[38;2;65;89;128m,[38;2;12;20;32m [38;2;41;48;57m.[38;2;232;238;244mW[38;2;237;241;247mW[38;2;236;241;247mW[38;2;236;241;247mW[38;2;235;240;247mW[38;2;235;240;246mW[38;2;234;239;246mW[38;2;234;239;246mWW[38;2;183;206;230m0[38;2;58;89;130m;[38;2;1;10;20m [38;2;0;0;2m [38;2;0;0;0m     [0m
[0m[38;2;0;0;0m    [38;2;5;5;5m [38;2;0;2;7m [38;2;71;114;157m:[38;2;161;190;221mO[38;2;227;234;243mN[38;2;227;235;244mN[38;2;228;235;244mN[38;2;228;235;244mN[38;2;226;234;243mN[38;2;224;233;242mN[38;2;228;235;244mN[38;2;228;235;244mN[38;2;228;235;244mN[38;2;227;235;244mN[38;2;227;234;243mN[38;2;226;234;243mN[38;2;201;216;232mX[38;2;15;27;45m [38;2;0;8;17m [38;2;63;93;126m;[38;2;127;168;210mx[38;2;226;234;243mN[38;2;230;237;244mN[38;2;230;237;244mN[38;2;230;237;244mN[38;2;196;211;231mK[38;2;35;72;125m'[38;2;1;8;17m [38;2;1;3;6m [38;2;2;4;6m [38;2;3;5;8m [38;2;2;4;7m [38;2;2;4;7m [38;2;12;21;35m [38;2;132;171;211mx[38;2;225;233;243mN[38;2;228;235;243mN[38;2;179;203;227m0[38;2;54;85;125m,[38;2;2;10;19m [38;2;0;0;2m [38;2;0;0;0m     [0m
[0m[38;2;0;0;0m    [38;2;6;6;6m [38;2;0;3;9m [38;2;83;128;174ml[38;2;162;191;220mO[38;2;219;229;240mN[38;2;219;229;240mN[38;2;220;229;241mN[38;2;220;230;241mN[38;2;136;155;178md[38;2;8;18;32m [38;2;3;7;12m [38;2;4;7;11m [38;2;6;10;14m [38;2;9;13;19m [38;2;13;17;24m [38;2;13;18;24m [38;2;5;9;15m [38;2;0;2;5m [38;2;0;1;2m [38;2;4;9;16m [38;2;98;139;180mo[38;2;160;189;219mO[38;2;222;231;241mN[38;2;222;231;242mN[38;2;222;231;242mN[38;2;223;232;242mN[38;2;204;218;235mX[38;2;116;155;201md[38;2;43;105;177m;[38;2;15;77;167m'[38;2;7;54;165m.[38;2;11;56;161m.[38;2;25;86;172m,[38;2;76;131;189mc[38;2;171;197;224m0[38;2;221;230;241mNN[38;2;152;184;217mk[38;2;27;47;74m.[38;2;1;7;14m [38;2;24;24;24m [38;2;0;0;0m     [0m
[0m[38;2;0;0;0m    [38;2;8;8;8m [38;2;0;4;10m [38;2;92;140;189mo[38;2;165;192;220mO[38;2;211;224;238mXXX[38;2;211;224;238mX[38;2;86;108;137m:[38;2;2;10;21m [38;2;0;1;2m [38;2;20;20;20m [38;2;24;24;24m [38;2;28;28;28m [38;2;32;32;32m [38;2;32;32;32m [38;2;27;27;27m [38;2;14;14;14m [38;2;10;10;10m [38;2;0;1;2m [38;2;5;10;16m [38;2;66;97;129m;[38;2;146;179;214mk[38;2;205;220;236mX[38;2;214;225;239mX[38;2;214;225;239mX[38;2;214;226;239mX[38;2;214;225;239mX[38;2;211;224;238mX[38;2;192;211;231mK[38;2;181;203;227m0[38;2;179;202;226m0[38;2;188;208;230mK[38;2;209;222;237mX[38;2;213;225;239mXX[38;2;175;199;224m0[38;2;46;71;98m'[38;2;4;12;23m [38;2;0;1;4m [38;2;8;8;8m [38;2;0;0;0m     [0m
[0m[38;2;0;0;0m    [38;2;10;10;10m [38;2;0;4;9m [38;2;75;115;156m:[38;2;138;173;209mx[38;2;190;209;230mK[38;2;198;214;233mK[38;2;191;210;230mK[38;2;153;175;199mx[38;2;17;28;44m [38;2;1;5;11m [38;2;25;25;25m [38;2;0;0;0m        [38;2;8;8;8m [38;2;42;42;42m [38;2;1;2;4m [38;2;7;13;20m [38;2;33;49;67m.[38;2;140;175;210mk[38;2;172;197;223m0[38;2;196;213;232mK[38;2;206;220;236mX[38;2;206;220;236mXXXX[38;2;203;218;235mX[38;2;187;207;228mK[38;2;161;189;218mO[38;2;53;71;92m'[38;2;14;25;39m [38;2;2;6;12m [38;2;0;1;2m [38;2;17;17;17m [38;2;45;45;45m [38;2;12;12;12m [38;2;0;0;0m    [0m
[0m[38;2;0;0;0m    [38;2;4;4;4m [38;2;43;43;43m [38;2;1;3;5m [38;2;5;10;16m [38;2;8;16;25m [38;2;9;16;26m [38;2;6;12;20m [38;2;2;6;10m [38;2;0;1;3m [38;2;40;40;40m [38;2;4;4;4m [38;2;0;0;0m         [38;2;0;0;0m [38;2;13;13;13m [38;2;38;38;38m [38;2;0;1;1m [38;2;1;3;6m [38;2;4;9;15m [38;2;10;17;27m [38;2;16;26;38m [38;2;22;33;46m.[38;2;25;36;50m.[38;2;23;35;48m.[38;2;19;29;42m [38;2;12;21;33m [38;2;7;13;22m [38;2;3;6;12m [38;2;0;2;4m [38;2;56;56;56m [38;2;32;32;32m [38;2;6;6;6m [38;2;0;0;0m       [0m
[0m[38;2;0;0;0m     [38;2;95;95;95m [38;2;23;23;23m [38;2;28;28;28m [38;2;35;35;35m [38;2;36;36;36m [38;2;31;31;31m [38;2;22;22;22m [38;2;8;8;8m [38;2;0;0;0m [38;2;0;0;0m          [38;2;3;3;3m [38;2;4;4;4m [38;2;0;0;0m [38;2;3;3;3m [38;2;14;14;14m [38;2;27;27;27m [38;2;37;37;37m [38;2;45;45;45m [38;2;50;50;50m [38;2;52;52;52m [38;2;51;51;51m [38;2;48;48;48m [38;2;42;42;42m [38;2;34;34;34m [38;2;24;24;24m [38;2;11;11;11m [38;2;2;2;2m [38;2;0;0;0m         [0m
[0m[38;2;0;0;0m                        [38;2;20;20;20m [38;2;21;21;21m [38;2;0;0;0m                        [0m
[0m[38;2;0;0;0m                                                  [0m
[0m[38;2;0;0;0m                                                  [0m
